[SparseTensorValue(indices=array([[0, 0],
       [0, 1],
       [1, 0],
       [1, 1],
       [2, 0],
       [2, 1],
       [3, 0],
       [3, 1],
       [4, 0],
       [4, 1],
       [5, 0],
       [5, 1]]), values=array([0, 0, 1, 1, 2, 2, 1, 0, 1, 2, 2, 0]), dense_shape=array([6, 2]))]
color column weight:
None
color column weighted categorical,  weight:
[SparseTensorValue(indices=array([[0, 0],
       [0, 1],
       [1, 0],
       [1, 1],
       [2, 0],
       [2, 1],
       [3, 0],
       [3, 1],
       [4, 0],
       [4, 1],
       [5, 0],
       [5, 1]]), values=array([0, 0, 1, 1, 2, 2, 1, 0, 1, 2, 2, 0]), dense_shape=array([6, 2]))]
[SparseTensorValue(indices=array([[0, 0],
       [0, 1],
       [1, 0],
       [1, 1],
       [2, 0],
       [2, 1],
       [3, 0],
       [3, 1],
       [4, 0],
       [4, 1],
       [5, 0],
       [5, 1]]), values=array([0.5, 0.5, 0.5, 0.5, 0.5, 0.5, 0.3, 0.2, 0.4, 0.3, 0.4, 0.6],
      dtype=float32), dense_shape=array([6, 2]))]
embeding----------------------------------------
[array([[-0.65496415,  0.39659423, -0.17589511,  0.03253872, -0.14613505,
         0.56560785, -0.24318108],
       [ 0.6321968 ,  0.3984991 , -0.04650932, -0.07122718,  0.10760809,
        -0.26601323,  0.02086143],
       [ 0.18009734, -0.26342958,  0.12341146, -0.26810297,  0.01779626,
        -0.00408174, -0.07348982],
       [-0.01138368,  0.39754665, -0.11120221, -0.01934423, -0.01926348,
         0.1497973 , -0.11115982],
       [ 0.40614706,  0.06753476,  0.03845107, -0.16966507,  0.06270218,
        -0.13504748, -0.0263142 ],
       [-0.2374334 ,  0.06658232, -0.02624182, -0.11778213, -0.06416939,
         0.28076306, -0.15833545]], dtype=float32)]
embeding weighted categorical column
[array([[ 0.6009645 ,  0.3436077 , -0.04783691, -0.2213328 ,  0.27257356,
         0.6029922 ,  0.0825816 ],
       [ 0.30606055,  0.11907189, -0.37267828, -0.09605548,  0.05914288,
         0.13607776,  0.09201618],
       [-0.66495425, -0.08101391,  0.06212914,  0.08688278, -0.14552417,
        -0.0656282 ,  0.45985705],
       [ 0.42402214,  0.2088862 , -0.24274173, -0.14616641,  0.14451516,
         0.32284352,  0.08824235],
       [-0.11008865,  0.03332083, -0.18633224, -0.01765336, -0.02857158,
         0.04963235,  0.24966225],
       [ 0.09459701,  0.17375906, -0.00385049, -0.09804657,  0.10533448,
         0.33554402,  0.2334918 ]], dtype=float32)]
